51701 7,0
55086 3,5
51908 10,0
58453 5,5
56750 6,5
58758 9,5
56604 4,5
51744 6,5
57246 3,5
59660 8,5
55330 5,0
58909 10,0
54958 0,5
59549 4,5
51814 3,0
52522 1,5
55688 1,5
55183 3,0
56184 2,0
59202 7,0
50152 0,0
53394 7,5
54414 4,5
54601 4,5
55405 4,5
59268 10,0
56467 4,0
53758 2,0
58246 7,0
58208 2,5
58382 2,5
52979 2,5
54614 3,5
52013 6,0
53649 2,5
51357 10,0
56682 9,0
52961 8,0
50430 8,5
55947 3,0
54895 3,5
57649 9,5
58755 2,0
52404 0,5
53601 7,0
58862 1,0
52482 4,0
51744 0,5
57215 6,5
58800 7,5
51495 8,0
53979 7,0
58704 6,0
59881 2,0
50374 0,5
51675 5,5
55908 6,5
53564 9,5
55309 6,5
56279 2,5
55416 3,0
50669 7,0
50527 8,5
59024 5,5
55084 6,0
58554 8,5
50675 5,0
58143 0,5
55081 1,5
58844 0,0
51126 8,5
56628 8,5
52682 10,0
56590 3,0
55359 6,0
54008 4,0
51886 1,5
56837 6,0
50649 1,5
50615 8,5
58436 5,0
53147 5,0
53669 0,5
50875 3,5
58560 0,5
54090 6,0
57205 3,5
55411 7,5
57531 1,0
58686 1,0
54070 8,0
56868 7,0
50494 6,5
58320 3,5
50368 8,5
58189 6,0
58242 5,5
57713 1,0
55544 3,0
50441 2,0
54774 4,0
56383 1,0
59493 5,0
58402 1,0
53908 3,5
56640 4,5
50024 6,5
58495 5,5
57214 9,0
51514 3,5
52095 2,0
53648 8,0
54956 1,5
58470 5,5
54048 3,5
50979 8,0
54182 2,0
51176 8,0
56207 8,0
50817 4,0
50721 7,5
53544 8,5
52787 4,0
52555 1,5
53698 0,5
58208 8,5
53065 1,5
54252 9,5
59147 5,0
54819 7,0
52079 8,5
50402 1,0
59824 0,0
56923 2,0
54375 5,0
51861 4,5
55613 9,0
54211 5,0
58738 3,5
59598 9,0
50451 4,0
58556 3,0
56104 0,0
51909 7,0
51547 5,0
56444 3,5
56341 6,5
54333 9,0
58032 0,0
57168 7,0
54128 5,5
53996 1,5
51741 6,5
54990 8,0
58169 0,5
51799 8,5
53461 3,0
52612 4,0
53693 10,0
59093 3,5
50445 4,5
52375 9,5
50130 5,0
51692 6,0
51599 6,5
52023 8,5
50941 7,0
57598 7,5
59575 0,0
58009 4,5
53736 1,5
54628 2,5
56805 7,0
54398 3,5
53376 1,5
51470 5,0
54685 1,5
53801 0,5
52502 2,5
57724 8,5
59785 8,5
51423 5,5
54069 3,0
58645 5,0
54979 6,0
55326 4,5
52986 6,5
56711 9,0
55495 3,0
52695 3,5
50241 3,0
51021 10,0
53543 2,0
59536 3,0
54371 3,5
55279 5,0
53537 6,0
58254 5,0
58835 4,5
50025 9,0
