51701 7.00
51908 10.00
58453 5.50
56750 6.50
58758 9.50
51744 6.50
59660 8.50
55330 5.00
58909 10.00
59202 7.00
53394 7.50
59268 10.00
58246 7.00
52013 6.00
51357 10.00
56682 9.00
52961 8.00
50430 8.50
57649 9.50
53601 7.00
57215 6.50
58800 7.50
51495 8.00
53979 7.00
58704 6.00
51675 5.50
55908 6.50
53564 9.50
55309 6.50
50669 7.00
50527 8.50
59024 5.50
55084 6.00
58554 8.50
50675 5.00
51126 8.50
56628 8.50
52682 10.00
55359 6.00
56837 6.00
50615 8.50
58436 5.00
53147 5.00
54090 6.00
55411 7.50
54070 8.00
56868 7.00
50494 6.50
50368 8.50
58189 6.00
58242 5.50
59493 5.00
50024 6.50
58495 5.50
57214 9.00
53648 8.00
58470 5.50
50979 8.00
51176 8.00
56207 8.00
50721 7.50
53544 8.50
58208 8.50
54252 9.50
59147 5.00
54819 7.00
52079 8.50
54375 5.00
55613 9.00
54211 5.00
59598 9.00
51909 7.00
51547 5.00
56341 6.50
54333 9.00
57168 7.00
54128 5.50
51741 6.50
54990 8.00
51799 8.50
53693 10.00
52375 9.50
50130 5.00
51692 6.00
51599 6.50
52023 8.50
50941 7.00
57598 7.50
56805 7.00
51470 5.00
57724 8.50
59785 8.50
51423 5.50
58645 5.00
54979 6.00
52986 6.50
56711 9.00
51021 10.00
55279 5.00
53537 6.00
58254 5.00
50025 9.00
